import numpy as np

X7 = np.array(
[[
    -0.9958431124687195,
    -0.060012977570295334,
    0.06851974874734879,
    0.2762119472026825
],
[
    0.09108519554138184,
    -0.6561276316642761,
    0.7491329312324524,
    3.0198514461517334
],
[
    3.7252898543727042e-09,
    0.7522600293159485,
    0.6588664054870605,
    2.655975341796875
],
[
    0.0,
    0.0,
    0.0,
    1.0
]]
)[:3, :3]
X8 = np.array(
[[
    0.9012928605079651,
    0.18108686804771423,
    -0.39354631304740906,
    -1.5864359140396118
],
[
    -0.4332102835178375,
    0.37675073742866516,
    -0.8187720775604248,
    -3.3005757331848145
],
[
    -1.4901161193847656e-08,
    0.9084417223930359,
    0.41801145672798157,
    1.6850581169128418
],
[
    0.0,
    0.0,
    0.0,
    1.0
]]
)[:3, :3]

X11 = np.array(
[[
    -0.9964723587036133,
    0.0291383545845747,
    -0.07870139926671982,
    -0.31725549697875977
],
[
    -0.08392231911420822,
    -0.3459814488887787,
    0.9344804883003235,
    3.7670114040374756
],
[
    0.0,
    0.937788724899292,
    0.3472062945365906,
    1.3996332883834839
],
[
    0.0,
    0.0,
    0.0,
    1.0
]]
)[:3, :3]
breakpoint()